================ PVused ================
[1]     0.00  

================ Tbc ================
[1]     4.03  

================ OPT_cost ================
249874.23

================ Tbh ================
[1]     0.00  

================ SP ================
[1,1]    19.00  
[1,2]    19.00  
[1,3]    23.69  
[1,4]    23.67  
[1,5]    19.00  
[1,6]    24.53  
[1,7]    22.05  
[1,8]    25.77  
[1,9]    19.00  
[1,10]    19.00  
[1,11]    19.00  
[1,12]    23.72  
[1,13]    19.00  
[1,14]    19.00  
[1,15]    19.00  
[1,16]    19.00  
[1,17]    19.00  
[1,18]    19.00  
[1,19]    19.00  
[1,20]    19.00  
[1,21]    19.00  
[1,22]    24.78  
[1,23]    26.80  
[1,24]    26.80  
[1,25]    19.00  
[1,26]    19.00  
[1,27]    24.72  
[1,28]    25.16  
[1,29]    24.88  
[1,30]    22.34  
[1,31]    21.56  
[1,32]    24.82  
[1,33]    24.69  
[1,34]    22.84  
[1,35]    23.06  
[1,36]    25.89  

================ OPT_status ================
OPTIMAL

================ p_HVAC ================
[1] 24987.42  

================ PVcurt ================
[1]     0.00  

================ p_grid ================
[1] 24987.42  

================ balance_heat ================
[1]     0.00  

================ T ================
[1,1]    24.65  
[1,2]    22.53  
[1,3]    23.72  
[1,4]    23.08  
[1,5]    22.44  
[1,6]    24.28  
[1,7]    21.70  
[1,8]    25.42  
[1,9]    21.38  
[1,10]    25.56  
[1,11]    26.31  
[1,12]    23.42  
[1,13]    21.09  
[1,14]    23.26  
[1,15]    24.51  
[1,16]    26.31  
[1,17]    26.55  
[1,18]    27.01  
[1,19]    26.55  
[1,20]    26.24  
[1,21]    24.41  
[1,22]    25.95  
[1,23]    25.77  
[1,24]    28.63  
[1,25]    28.87  
[1,26]    29.08  
[1,27]    24.04  
[1,28]    26.14  
[1,29]    24.64  
[1,30]    21.58  
[1,31]    21.09  
[1,32]    23.99  
[1,33]    23.42  
[1,34]    21.74  
[1,35]    21.97  
[1,36]    24.66  

================ SP_transformed ================
[1,1]  -273.15  
[1,2]  -273.15  
[1,3]    23.69  
[1,4]    23.67  
[1,5]    19.00  
[1,6]    24.53  
[1,7]    22.05  
[1,8]    25.77  
[1,9]    19.00  
[1,10]  -273.15  
[1,11]  -273.15  
[1,12]    23.72  
[1,13]  -273.15  
[1,14]  -273.15  
[1,15]  -273.15  
[1,16]  -273.15  
[1,17]  -273.15  
[1,18]    19.00  
[1,19]  -273.15  
[1,20]  -273.15  
[1,21]  -273.15  
[1,22]    24.78  
[1,23]    26.80  
[1,24]    26.80  
[1,25]  -273.15  
[1,26]  -273.15  
[1,27]    24.72  
[1,28]    25.16  
[1,29]    24.88  
[1,30]    22.34  
[1,31]    21.56  
[1,32]    24.82  
[1,33]    24.69  
[1,34]    22.84  
[1,35]    23.06  
[1,36]    25.89  

================ SP_active ================
[1,1]     0.00  
[1,2]     0.00  
[1,3]     1.00  
[1,4]     1.00  
[1,5]     1.00  
[1,6]     1.00  
[1,7]     1.00  
[1,8]     1.00  
[1,9]     1.00  
[1,10]     0.00  
[1,11]     0.00  
[1,12]     1.00  
[1,13]     0.00  
[1,14]     0.00  
[1,15]     0.00  
[1,16]     0.00  
[1,17]     0.00  
[1,18]     1.00  
[1,19]     0.00  
[1,20]     0.00  
[1,21]     0.00  
[1,22]     1.00  
[1,23]     1.00  
[1,24]     1.00  
[1,25]     0.00  
[1,26]     0.00  
[1,27]     1.00  
[1,28]     1.00  
[1,29]     1.00  
[1,30]     1.00  
[1,31]     1.00  
[1,32]     1.00  
[1,33]     1.00  
[1,34]     1.00  
[1,35]     1.00  
[1,36]     1.00  

================ balance_cool ================
[1]     1.00  

