================ PVused ================
[1]     0.00  [2]     0.00  

================ Tbc ================
[1]     4.03  [2]     2.58  

================ OPT_cost ================
408796.84

================ Tbh ================
[1]     0.00  [2]     0.00  

================ SP ================
[1,1]    19.00  [2,1]    19.00  
[1,2]    23.76  [2,2]    19.00  
[1,3]    19.00  [2,3]    22.26  
[1,4]    19.00  [2,4]    23.64  
[1,5]    19.00  [2,5]    19.00  
[1,6]    24.53  [2,6]    24.95  
[1,7]    22.05  [2,7]    22.20  
[1,8]    19.00  [2,8]    25.66  
[1,9]    19.00  [2,9]    19.00  
[1,10]    19.00  [2,10]    19.00  
[1,11]    19.00  [2,11]    19.00  
[1,12]    23.72  [2,12]    23.92  
[1,13]    19.00  [2,13]    19.00  
[1,14]    19.00  [2,14]    19.00  
[1,15]    19.00  [2,15]    19.00  
[1,16]    25.75  [2,16]    19.00  
[1,17]    19.00  [2,17]    19.00  
[1,18]    19.00  [2,18]    19.00  
[1,19]    19.00  [2,19]    19.00  
[1,20]    19.00  [2,20]    19.00  
[1,21]    24.92  [2,21]    19.00  
[1,22]    24.78  [2,22]    26.27  
[1,23]    26.80  [2,23]    26.27  
[1,24]    26.80  [2,24]    29.13  
[1,25]    19.00  [2,25]    19.00  
[1,26]    19.00  [2,26]    19.00  
[1,27]    19.00  [2,27]    23.95  
[1,28]    25.16  [2,28]    26.37  
[1,29]    24.88  [2,29]    25.11  
[1,30]    22.34  [2,30]    22.49  
[1,31]    21.56  [2,31]    22.33  
[1,32]    24.82  [2,32]    24.49  
[1,33]    19.00  [2,33]    19.00  
[1,34]    22.84  [2,34]    22.51  
[1,35]    23.06  [2,35]    24.59  
[1,36]    19.00  [2,36]    24.69  

================ OPT_status ================
OPTIMAL

================ p_HVAC ================
[1] 26202.04  [2] 14677.64  

================ PVcurt ================
[1]     0.00  [2]     0.00  

================ p_grid ================
[1] 26202.04  [2] 14677.64  

================ balance_heat ================
[1]     0.00  [2]     0.00  

================ T ================
[1,1]    24.65  [2,1]    24.66  
[1,2]    22.94  [2,2]    21.62  
[1,3]    21.76  [2,3]    23.68  
[1,4]    23.14  [2,4]    24.11  
[1,5]    22.15  [2,5]    21.07  
[1,6]    24.45  [2,6]    24.23  
[1,7]    21.70  [2,7]    21.78  
[1,8]    25.16  [2,8]    25.60  
[1,9]    21.38  [2,9]    21.35  
[1,10]    25.56  [2,10]    28.91  
[1,11]    26.64  [2,11]    29.03  
[1,12]    23.42  [2,12]    23.45  
[1,13]    22.64  [2,13]    21.26  
[1,14]    23.26  [2,14]    24.53  
[1,15]    24.51  [2,15]    27.99  
[1,16]    26.52  [2,16]    26.58  
[1,17]    26.37  [2,17]    27.81  
[1,18]    27.04  [2,18]    26.85  
[1,19]    26.55  [2,19]    28.19  
[1,20]    25.94  [2,20]    26.77  
[1,21]    24.77  [2,21]    24.51  
[1,22]    25.77  [2,22]    26.31  
[1,23]    25.77  [2,23]    25.49  
[1,24]    28.63  [2,24]    28.30  
[1,25]    28.87  [2,25]    29.57  
[1,26]    29.08  [2,26]    29.55  
[1,27]    23.45  [2,27]    24.12  
[1,28]    25.87  [2,28]    26.50  
[1,29]    24.61  [2,29]    24.78  
[1,30]    21.99  [2,30]    21.46  
[1,31]    21.83  [2,31]    21.56  
[1,32]    23.99  [2,32]    22.75  
[1,33]    24.07  [2,33]    23.89  
[1,34]    22.01  [2,34]    21.01  
[1,35]    24.09  [2,35]    24.44  
[1,36]    24.19  [2,36]    23.69  

================ SP_transformed ================
[1,1]  -273.15  [2,1]  -273.15  
[1,2]    23.76  [2,2]  -273.15  
[1,3]  -273.15  [2,3]    22.26  
[1,4]  -273.15  [2,4]    23.64  
[1,5]    19.00  [2,5]    19.00  
[1,6]    24.53  [2,6]    24.95  
[1,7]    22.05  [2,7]    22.20  
[1,8]  -273.15  [2,8]    25.66  
[1,9]    19.00  [2,9]    19.00  
[1,10]  -273.15  [2,10]    19.00  
[1,11]  -273.15  [2,11]  -273.15  
[1,12]    23.72  [2,12]    23.92  
[1,13]    19.00  [2,13]  -273.15  
[1,14]  -273.15  [2,14]  -273.15  
[1,15]  -273.15  [2,15]  -273.15  
[1,16]    25.75  [2,16]  -273.15  
[1,17]  -273.15  [2,17]  -273.15  
[1,18]    19.00  [2,18]    19.00  
[1,19]  -273.15  [2,19]  -273.15  
[1,20]  -273.15  [2,20]  -273.15  
[1,21]    24.92  [2,21]  -273.15  
[1,22]    24.78  [2,22]    26.27  
[1,23]    26.80  [2,23]    26.27  
[1,24]    26.80  [2,24]    29.13  
[1,25]  -273.15  [2,25]    19.00  
[1,26]  -273.15  [2,26]    19.00  
[1,27]  -273.15  [2,27]    23.95  
[1,28]    25.16  [2,28]    26.37  
[1,29]    24.88  [2,29]    25.11  
[1,30]    22.34  [2,30]    22.49  
[1,31]    21.56  [2,31]    22.33  
[1,32]    24.82  [2,32]    24.49  
[1,33]  -273.15  [2,33]  -273.15  
[1,34]    22.84  [2,34]    22.51  
[1,35]    23.06  [2,35]    24.59  
[1,36]  -273.15  [2,36]    24.69  

================ SP_active ================
[1,1]     0.00  [2,1]     0.00  
[1,2]     1.00  [2,2]     0.00  
[1,3]     0.00  [2,3]     1.00  
[1,4]     0.00  [2,4]     1.00  
[1,5]     1.00  [2,5]     1.00  
[1,6]     1.00  [2,6]     1.00  
[1,7]     1.00  [2,7]     1.00  
[1,8]     0.00  [2,8]     1.00  
[1,9]     1.00  [2,9]     1.00  
[1,10]     0.00  [2,10]     1.00  
[1,11]     0.00  [2,11]     0.00  
[1,12]     1.00  [2,12]     1.00  
[1,13]     1.00  [2,13]     0.00  
[1,14]     0.00  [2,14]     0.00  
[1,15]     0.00  [2,15]     0.00  
[1,16]     1.00  [2,16]     0.00  
[1,17]     0.00  [2,17]     0.00  
[1,18]     1.00  [2,18]     1.00  
[1,19]     0.00  [2,19]     0.00  
[1,20]     0.00  [2,20]     0.00  
[1,21]     1.00  [2,21]     0.00  
[1,22]     1.00  [2,22]     1.00  
[1,23]     1.00  [2,23]     1.00  
[1,24]     1.00  [2,24]     1.00  
[1,25]     0.00  [2,25]     1.00  
[1,26]     0.00  [2,26]     1.00  
[1,27]     0.00  [2,27]     1.00  
[1,28]     1.00  [2,28]     1.00  
[1,29]     1.00  [2,29]     1.00  
[1,30]     1.00  [2,30]     1.00  
[1,31]     1.00  [2,31]     1.00  
[1,32]     1.00  [2,32]     1.00  
[1,33]     0.00  [2,33]     0.00  
[1,34]     1.00  [2,34]     1.00  
[1,35]     1.00  [2,35]     1.00  
[1,36]     0.00  [2,36]     1.00  

================ balance_cool ================
[1]     1.00  [2]     1.00  

